400011
400053
401835
402032
402340
403159
403205
404535
406984
413165
415332
415443
415644
416717
408723
408810
421528
422818
423136
423490
423697
423780
424061
424250
424800
424816
416754
416758
416781
417210
417344
426204
426971
427632
429088
418799
420405
417563
417622
425742
425932
426030
429520
431196
431390
432163
432506
432612
432843
432932
433174
433768
433905
434027
434842
435600
436959
437303
437374
437751
437961
438306
438385
438413
438499
440040
441633
442529
442594
443262
443559
444600
444675
445064
445073
445533
445574
445780
445791
445882
433022
450160
451691
449718
448231
448277
448564
400374
400945
401555
406480
408652
402756
408691
408888
409293
410335
410618
420793
421018
421287
423361
423718
419206
419641
427025
427559
427801
427954
427991
424178
425293
425506
428656
429106
429699
429950
430621
431199
431912
431954
432236
433205
433935
434241
434637
437451
437582
444780
445203
445772
446233
446308
442911
443215
439835
447688
448150
447225
446378
449683
448965
427710
427839
427862
428030
428069
428345
430299
430652
430795
431875
433692
435159
435642
436878
438996
439057
441057
441384
441632
443089
444202
444239
445062
445425
446876
447183
448298
448950
449155
450353
450612
450581
450838
400025
400525
401227
401441
402931
405823
405435
405651
406611
407083
408991
410519
410749
426013
426888
427514
415848
414527
415692
423666
406585
406049
406138
413469
414514
415877
417116
422424
425352
425381
404451
450873